   0.5155   1.0191        0        0  -0.0087   1.1345        0
   0.5158   1.0178   0.1014   0.0472  -0.0144   1.1367   0.1179
   0.5160   1.0171   0.1430   0.0664  -0.0166   1.1391   0.1661
   0.5162   1.0166   0.1678   0.0778  -0.0178   1.1409   0.1948
   0.5165   1.0163   0.1852   0.0857  -0.0185   1.1423   0.2148
   0.5167   1.0160   0.1985   0.0917  -0.0191   1.1435   0.2301
   0.5169   1.0158   0.2091   0.0965  -0.0194   1.1445   0.2423
   0.5172   1.0156   0.2180   0.1005  -0.0197   1.1454   0.2525
   0.5174   1.0154   0.2256   0.1040  -0.0199   1.1461   0.2612
   0.5177   1.0153   0.2322   0.1069  -0.0201   1.1468   0.2688
   0.5179   1.0151   0.2381   0.1096  -0.0202   1.1475   0.2756
   0.5181   1.0150   0.2434   0.1119  -0.0203   1.1481   0.2816
   0.5184   1.0149   0.2482   0.1141  -0.0203   1.1486   0.2871
   0.5186   1.0148   0.2526   0.1160  -0.0204   1.1491   0.2921
   0.5188   1.0147   0.2566   0.1178  -0.0204   1.1496   0.2968
   0.5191   1.0146   0.2604   0.1195  -0.0204   1.1500   0.3010
   0.5193   1.0146   0.2639   0.1211  -0.0204   1.1504   0.3050
   0.5195   1.0145   0.2672   0.1225  -0.0203   1.1508   0.3088
   0.5198   1.0144   0.2702   0.1239  -0.0203   1.1512   0.3123
   0.5200   1.0143   0.2731   0.1252  -0.0202   1.1516   0.3156
   0.5203   1.0143   0.2759   0.1264  -0.0202   1.1519   0.3188
   0.5205   1.0142   0.2785   0.1275  -0.0201   1.1522   0.3217
   0.5207   1.0142   0.2810   0.1286  -0.0200   1.1526   0.3246
   0.5210   1.0141   0.2834   0.1297  -0.0200   1.1529   0.3273
   0.5212   1.0141   0.2857   0.1307  -0.0199   1.1532   0.3299
   0.5214   1.0140   0.2878   0.1316  -0.0198   1.1535   0.3324
   0.5217   1.0140   0.2899   0.1326  -0.0197   1.1537   0.3348
   0.5219   1.0139   0.2920   0.1335  -0.0196   1.1540   0.3371
   0.5222   1.0139   0.2939   0.1343  -0.0195   1.1543   0.3393
   0.5224   1.0139   0.2958   0.1351  -0.0194   1.1545   0.3415
   0.5226   1.0138   0.2976   0.1359  -0.0193   1.1548   0.3435
   0.5229   1.0138   0.2994   0.1367  -0.0192   1.1550   0.3455
   0.5231   1.0137   0.3011   0.1374  -0.0191   1.1552   0.3475
   0.5233   1.0137   0.3027   0.1382  -0.0189   1.1555   0.3494
   0.5236   1.0137   0.3044   0.1389  -0.0188   1.1557   0.3512
   0.5238   1.0136   0.3059   0.1396  -0.0187   1.1559   0.3530
   0.5241   1.0136   0.3074   0.1402  -0.0186   1.1561   0.3547
   0.5243   1.0136   0.3089   0.1409  -0.0184   1.1563   0.3564
   0.5245   1.0135   0.3104   0.1415  -0.0183   1.1565   0.3581
   0.5248   1.0135   0.3118   0.1421  -0.0182   1.1567   0.3597
   0.5250   1.0135   0.3132   0.1427  -0.0180   1.1569   0.3613
   0.5252   1.0135   0.3145   0.1433  -0.0179   1.1571   0.3628
   0.5255   1.0134   0.3158   0.1439  -0.0178   1.1573   0.3643
   0.5257   1.0134   0.3171   0.1444  -0.0176   1.1575   0.3658
   0.5259   1.0134   0.3184   0.1450  -0.0175   1.1577   0.3672
   0.5262   1.0134   0.3196   0.1455  -0.0173   1.1578   0.3686
   0.5264   1.0133   0.3209   0.1460  -0.0172   1.1580   0.3700
   0.5267   1.0133   0.3220   0.1466  -0.0171   1.1582   0.3714
   0.5269   1.0133   0.3232   0.1471  -0.0169   1.1584   0.3727
   0.5271   1.0133   0.3244   0.1476  -0.0168   1.1585   0.3740
   0.5274   1.0133   0.3255   0.1481  -0.0166   1.1587   0.3753
   0.5276   1.0132   0.3266   0.1485  -0.0165   1.1589   0.3766
   0.5278   1.0132   0.3277   0.1490  -0.0163   1.1590   0.3778
   0.5281   1.0132   0.3288   0.1495  -0.0162   1.1592   0.3791
   0.5283   1.0132   0.3298   0.1499  -0.0160   1.1593   0.3803
   0.5286   1.0132   0.3309   0.1504  -0.0159   1.1595   0.3815
   0.5288   1.0131   0.3319   0.1508  -0.0157   1.1597   0.3826
   0.5290   1.0131   0.3329   0.1513  -0.0156   1.1598   0.3838
   0.5293   1.0131   0.3339   0.1517  -0.0154   1.1600   0.3849
   0.5295   1.0131   0.3349   0.1521  -0.0153   1.1601   0.3861
   0.5297   1.0131   0.3359   0.1525  -0.0151   1.1603   0.3872
   0.5300   1.0131   0.3368   0.1529  -0.0150   1.1604   0.3883
   0.5302   1.0130   0.3378   0.1533  -0.0148   1.1605   0.3893
   0.5305   1.0130   0.3387   0.1537  -0.0146   1.1607   0.3904
   0.5307   1.0130   0.3396   0.1541  -0.0145   1.1608   0.3915
   0.5309   1.0130   0.3405   0.1545  -0.0143   1.1610   0.3925
   0.5312   1.0130   0.3414   0.1549  -0.0142   1.1611   0.3935
   0.5314   1.0130   0.3423   0.1553  -0.0140   1.1612   0.3945
   0.5316   1.0130   0.3432   0.1557  -0.0138   1.1614   0.3956
   0.5319   1.0129   0.3441   0.1561  -0.0137   1.1615   0.3965
   0.5321   1.0129   0.3449   0.1564  -0.0135   1.1616   0.3975
   0.5323   1.0129   0.3458   0.1568  -0.0134   1.1618   0.3985
   0.5326   1.0129   0.3466   0.1571  -0.0132   1.1619   0.3995
   0.5328   1.0129   0.3475   0.1575  -0.0130   1.1620   0.4004
   0.5331   1.0129   0.3483   0.1579  -0.0129   1.1622   0.4014
   0.5333   1.0129   0.3491   0.1582  -0.0127   1.1623   0.4023
   0.5335   1.0129   0.3499   0.1586  -0.0126   1.1624   0.4032
   0.5338   1.0129   0.3507   0.1589  -0.0124   1.1626   0.4042
   0.5340   1.0128   0.3515   0.1592  -0.0122   1.1627   0.4051
   0.5342   1.0128   0.3523   0.1596  -0.0121   1.1628   0.4060
   0.5345   1.0128   0.3531   0.1599  -0.0119   1.1629   0.4069
   0.5347   1.0128   0.3539   0.1602  -0.0117   1.1631   0.4078
   0.5350   1.0128   0.3547   0.1606  -0.0116   1.1632   0.4087
   0.5352   1.0128   0.3554   0.1609  -0.0114   1.1633   0.4095
   0.5354   1.0128   0.3562   0.1612  -0.0112   1.1634   0.4104
   0.5357   1.0128   0.3569   0.1615  -0.0111   1.1635   0.4113
   0.5359   1.0128   0.3577   0.1619  -0.0109   1.1637   0.4121
   0.5361   1.0128   0.3584   0.1622  -0.0107   1.1638   0.4130
   0.5364   1.0127   0.3592   0.1625  -0.0106   1.1639   0.4138
   0.5366   1.0127   0.3599   0.1628  -0.0104   1.1640   0.4147
   0.5369   1.0127   0.3606   0.1631  -0.0102   1.1641   0.4155
   0.5371   1.0127   0.3614   0.1634  -0.0101   1.1643   0.4163
   0.5373   1.0127   0.3621   0.1637  -0.0099   1.1644   0.4172
   0.5376   1.0127   0.3628   0.1640  -0.0097   1.1645   0.4180
   0.5378   1.0127   0.3635   0.1643  -0.0096   1.1646   0.4188
   0.5380   1.0127   0.3642   0.1646  -0.0094   1.1647   0.4196
   0.5383   1.0127   0.3649   0.1649  -0.0092   1.1648   0.4204
   0.5385   1.0127   0.3656   0.1652  -0.0091   1.1650   0.4212
   0.5387   1.0127   0.3663   0.1655  -0.0089   1.1651   0.4220
   0.5390   1.0127   0.3670   0.1658  -0.0087   1.1652   0.4228
   0.5392   1.0127   0.3677   0.1661  -0.0086   1.1653   0.4236
   0.5395   1.0127   0.3684   0.1664  -0.0084   1.1654   0.4244
   0.5397   1.0126   0.3690   0.1667  -0.0082   1.1655   0.4252
   0.5399   1.0126   0.3697   0.1670  -0.0081   1.1656   0.4259
   0.5402   1.0126   0.3704   0.1673  -0.0079   1.1658   0.4267
   0.5404   1.0126   0.3711   0.1675  -0.0077   1.1659   0.4275
   0.5406   1.0126   0.3717   0.1678  -0.0076   1.1660   0.4283
   0.5409   1.0126   0.3724   0.1681  -0.0074   1.1661   0.4290
   0.5411   1.0126   0.3731   0.1684  -0.0072   1.1662   0.4298
   0.5414   1.0126   0.3737   0.1687  -0.0071   1.1663   0.4305
   0.5416   1.0126   0.3744   0.1689  -0.0069   1.1664   0.4313
   0.5418   1.0126   0.3751   0.1692  -0.0067   1.1665   0.4321
   0.5421   1.0126   0.3757   0.1695  -0.0066   1.1666   0.4328
   0.5423   1.0126   0.3764   0.1698  -0.0064   1.1668   0.4336
   0.5425   1.0126   0.3770   0.1700  -0.0062   1.1669   0.4343

